IID	PC1	PC2	PC3	PC4	PC5	PC6	PC7	PC8	PC9	PC10
4722	0.217521169113057	-0.203129495003954	-0.155565256670202	-0.0591511845435816	0.0288330592879755	-0.0594063269553011	-0.22472686107282	-0.0116552846867416	0.00520116499190975	0.286385562586336
38-11	0.0879890965879139	-0.0962626788796416	0.1652838854557	0.019181276323661	-0.0754594904490178	0.0317765475286734	-0.0906675520160301	-0.132027418547185	-0.00101557334281292	-0.043692051102534
A554	0.146246498630623	-0.0447223642517949	0.0230136916120275	0.0102213281001589	-0.0404807426273412	0.099198361812241	-0.0423148954709515	-0.197428481204423	-0.110383426766498	-0.079455828185013
A661	0.151571584817535	-0.118686338783897	0.00023877569726294	-0.0181230048903349	-0.00369534596546057	0.0120461067079426	-0.00581701755282214	-0.0497988614998775	-0.10788790213789	-0.0416743330397446
B10	-0.205611332048401	-0.0348900704459224	0.089477576127285	-0.0141526596789396	-0.0296926397328976	0.157390097204192	-0.122041953153912	-0.266625013385247	-0.0287673812334914	-0.0936891486635089
B14A	-0.693532748467862	-0.141993062622471	0.00207199495224283	-0.572117714874573	0.0387236174067062	-0.0107430623778271	0.0677547675197439	0.0538807436306586	-0.152984453557443	-0.00545482795914792
B64	-0.45332089565395	-0.144188327403047	-0.0658857782357518	-0.496121838634826	0.0921048662895124	0.0330202783963455	0.117962455674127	0.0724611334245846	-0.0364241661072079	-0.00746553337866434
B7	0.0440825444302358	-0.0893683481632921	0.12022984091244	0.00561908995395727	-0.0235804391387448	0.0447655966778936	-0.0718911211943336	-0.03510740218557	-0.0296356789647953	-0.017777683945715
B8	0.158008942167012	-0.0740644749798619	-0.0313652251176866	-0.0631673654435678	0.0212899717336781	0.0421436039487614	-0.0291839965822622	-0.0401241451157994	-0.086855637318131	-0.02645314455236
C49A	0.139264005216899	-0.119685313234633	-0.0525121838897481	-0.0451754110303137	-0.0205909747416835	0.0319916881867555	-0.0225144243184913	-0.00115854904566726	-0.106663171266956	-0.0621800993942418
CI_21E	0.0181737980275958	-0.129900848747964	0.0727287906464126	-0.00526988596366956	-0.0025423720725003	0.0249153579135042	-0.0164167415312218	-0.271119681405169	-0.0483364720039048	0.0416614335287073
CI_28A	0.163037041393984	-0.117126236833166	0.0525037058768501	-0.00253684242600748	-0.0663930982875311	0.122495916442957	0.0236914261539884	-0.151385895923989	-0.0142690260510941	0.0270725556187121
CI31A	0.174069116999259	-0.10807349150042	-0.00894910781478264	-0.0177685320800297	0.0247050332778594	0.0672987211475509	0.0248875023258071	-0.0527456452453032	-0.0284560256782097	0.0457716868183021
CI_3A	0.137725832754745	-0.127721664039031	0.0223710582343531	-0.0796027337811543	0.0104054847695698	-0.0131804426359292	-0.00317684643498021	-0.114052263815304	0.0820182952337775	0.0524517572430804
CI_64	0.227295339950227	-0.157556226961123	-0.166350231077992	-0.0742927986942309	-0.0444582145674403	0.13825728445202	0.0998428842090026	-0.0811153164661852	-0.0426128504196275	0.249743915143632
CI_91B	0.0732149852873821	0.244400003876679	0.0147597180547918	0.0706752816903607	-0.174214347576767	0.22296742075714	-0.16174539381555	-0.31344844987898	-0.121314371482623	-0.154856753709609
CM7	0.221325682065072	-0.180031812096721	-0.112665569404487	-0.0465678413840512	-0.0206387418026636	-0.0437675074223608	-0.0802513399216921	-0.0335296204547086	-0.0951129639986329	-0.0487962703516896
CO125	0.195420499505951	-0.10715994243028	-0.0266085888811475	-0.0135158329357932	-0.0114743790024643	0.0437500783057567	-0.0107858035615817	-0.0696447427871711	-0.046708506129809	0.0257924550506888
CO255	0.261411881966205	-0.213293105285943	-0.189409798159813	-0.0606288905970231	0.0503693175347619	-0.0900276508490577	-0.136463513865685	0.0676622148193006	0.00741339055079406	0.0500679276033976
CR1HT	0.186571168061072	0.471179599249055	-0.146217776449353	-0.119805353294446	-0.248416198739361	0.193731983963358	-0.112631073868176	-0.0136802469435203	-0.0417169642213999	-0.132012423272342
E2558W	0.209686433119473	-0.158633591761112	-0.123694208182978	-0.0467256014285035	-0.0201705056123793	0.0886148030843363	0.0883516446156564	-0.0820582169177653	-0.0105278821408821	0.19453869863551
EP1	0.25990494813243	-0.183070945636989	-0.225230972656586	-0.0267494337611734	0.128216311085084	-0.0622845821645033	-0.155372783815336	0.118966752419983	0.0306574375433623	0.0683617796198538
H49	0.126384890711131	-0.0472985257293813	0.104447862902427	-0.011168832490691	0.0119627306217498	0.0545234510066782	0.031833704868265	-0.366550352209372	-0.165460845072491	-0.0502138093464006
I205	0.0450285028952331	-0.00469491191726684	0.231387266022503	0.0940569648809755	0.196109567070658	0.12118410308855	-0.143440319189495	-0.0940641811809299	-0.180556662991705	-0.0392048975540873
Il14H	0.309991028960288	-0.277096819550981	-0.250448351021207	-0.174585853672129	-0.0274429981492261	-0.335254504479181	-0.658258490582041	0.0759737076887841	-0.087870498779967	-0.0281887151282802
K148	0.187005868974289	-0.130162149912141	-0.0113244272284901	-0.00901750932080231	-0.0406300501073919	0.0621051167294702	0.0390256204959214	-0.0589190931259922	-0.0104242775945597	0.0483264936133695
K4	0.158539558868773	-0.125439633871889	0.0240194037420741	-0.0338663304692167	-0.0354229871551103	0.0830031721977036	0.0143019530945915	-0.0686510920315092	0.0416492246820783	0.0447479347150735
K64	0.189582835825214	-0.124003147471904	-0.135529828189174	-0.0774872873163553	-0.0703195733653738	0.10758557951808	0.0472744849246988	-0.0694874670923432	-0.0549643548567258	0.198063314124014
Ky21	0.153049479926338	-0.155339187083533	-0.0785864695580301	-0.0423540035943941	-0.0308276032340043	0.0505106692385266	0.0382571448306544	-0.00197999798984037	-0.00620274950403876	0.0681197378854823
Ky226	0.156573285203623	-0.052450178681569	-0.0813499877623262	0.0523699390806946	-0.0335366698834257	0.0486732590865266	0.0789108961768894	-0.215806874738538	-0.0729222298936756	0.0264465775285593
L317	0.222450272686715	-0.114121608446629	-0.0162823691712869	-0.114976616798709	0.0212176411840444	-0.134651635954543	-0.0843947678693681	0.0250276129536148	0.0799055605837368	0.0678129640593601
LH93	0.143532257807103	-0.00480264839726577	0.00640903235042252	-0.0145402377340941	-0.00729294794492967	-0.0325793762122507	-0.0109261885808282	-0.110517580507742	-0.0342136401949465	-0.0136951294243656
M162W	0.249099022597392	-0.14082558242099	-0.141109616678021	-0.0648807978954766	-0.0211724239661771	0.138199822833216	0.167045858428013	-0.0550876964069418	-0.0183829344880528	0.23088483000718
Mo24W	0.189105896766583	-0.122430985467442	-0.0677145170179153	-0.0292864162829733	0.00561948590998534	0.0623513030015034	0.065721307022595	-0.0566431178553117	0.0348816752154561	0.0211575200130681
Mp339	0.174914319888217	-0.135123857018062	-0.109420374467389	-0.0395402100602338	0.0130063814078274	0.0683795987069533	0.105356101034284	-0.0251628549768191	0.0235419039051052	0.0994622661940867
Mt42	0.199503080248607	-0.16188947126705	-0.0466256169341817	-0.052475315481043	-0.0283548220463709	0.042414572245966	-0.0322332702925856	-0.04407513166031	-0.0580330791507922	0.0182519872397263
NC222	0.197923989583083	-0.134714150192693	-0.0569574886526411	-0.07991094452437	-0.0045606493915914	0.0115869856503975	0.0529349514342215	-0.0212204356866114	-0.0187716362809599	0.0947124316936089
NC232	0.168143897162925	-0.117983170651068	-0.0425681027612565	-0.034641730224382	0.00445157276954295	0.0950603082684973	0.0872032542846419	-0.154625875733096	-0.0320013900035025	0.0334815017751439
NC236	0.180804781250721	-0.0885686996006135	-0.0448728662676232	-0.0169300283070835	-0.0298529965331038	0.0765617519627467	0.00275886169962372	-0.0855436573560201	0.00428909520192423	0.0979307424291193
NC264	0.238953068084444	-0.136623323698644	-0.188204036325419	-0.0522721765821054	0.0247497688586943	0.0519706300840685	0.0957369237076727	0.00509020525158349	0.0283934589764363	0.142186853968827
NC340	0.254447867741099	-0.172955910571418	-0.229180470665181	0.0212612420062617	0.0600210403485918	0.167145772893402	0.299129087202687	0.00715031586252574	0.0885776995704843	0.146923554421704
NC344	0.229914104965884	0.298076288020922	-0.184259876324946	-0.143447127369157	-0.147756042174532	0.0426441463912359	0.0162078932691065	0.175144072929909	0.134906617954495	0.0891182655616023
NC356	0.258027990545603	-0.160182303661097	-0.200780069458048	0.0106030586787623	0.0709153867060696	0.152399378596582	0.31300514285647	-0.0101323484577667	0.0788532576310757	0.141510919590476
NC358	0.253262559785424	-0.1635698387536	-0.219091949316944	0.0178047437967969	0.0621549757181214	0.147769497168665	0.306171919075302	-0.0337386514101348	0.0793225078943761	0.186768971332931
ND246	0.205584493226836	-0.135782469952384	-0.0110200351654013	-0.0453611902332402	-0.018294189392015	-0.0506634463387595	-0.0578086015704756	0.0511784155578648	-0.0100287772151607	0.0200658226671579
P39	0.306941082876865	-0.264306127564541	-0.252201729688721	-0.170779207348558	0.002736420799704	-0.356703211100125	-0.655489043673799	0.114986119658236	-0.0361731603233217	-0.0594967665619306
PHT77	0.0402416010778017	0.154976715468611	0.0525825199967544	0.01366738003641	0.0634854271912111	-0.130702034734081	-0.00243257002387066	-0.0358555923120836	0.145121986809787	-0.0726261234322026
R4	0.118643430622002	-0.10443001526762	0.383422843322805	0.0280589639525559	-0.257214857374002	0.0759334867751576	-0.0198144624925642	0.0316320113124799	0.0257821613169887	-0.0412127650811755
S8324	-0.49610461711271	-0.0135680294497161	-0.0971583418124672	0.305396645125511	-0.249372389906669	-0.228551546319131	0.0219083687230842	0.0544648746058581	-0.0638665619515692	0.0724713292997557
Sg_1533	0.226851839423381	-0.213336655479972	-0.140281911418787	-0.014209611664099	-0.0333111504258918	-0.0116549864381483	-0.17006133283359	0.0127506370418705	-0.0695736797208117	0.436195793041611
Sg_18	0.235408583715133	-0.236932150605111	-0.172481090405214	-0.0314286636819649	0.00833268897156759	-0.0146723477842471	-0.220570332619428	0.00631901583209991	-0.0561585413535659	0.497972724081798
T232	0.0994457535507344	-0.137579082956843	-0.00401006870074377	-0.0777516419854376	0.012518058120132	0.0506394813034289	0.0479578073028156	-0.0950811971755998	0.113301153469276	0.0143418405468038
T234	0.188826069053216	-0.141338804707552	0.00927472631016442	-0.0389381027091097	-0.0375744881105283	0.0401651268842468	0.0605657340033449	-0.0584628428675138	-0.0414585686695878	0.0653355543305162
U267Y	0.214873365372427	-0.118283331988378	-0.0849958473089781	-0.0162539442864663	0.0188316679886075	0.0805225187110329	0.104985094712423	-0.13093477957465	0.000168023123938029	0.0582872614997657
Va14	0.145049751177231	0.000411304782488455	0.00240927228536186	0.00757982193500762	0.0318937209710648	-0.0121736388220943	0.0461787586266602	-0.16977132415372	-0.0295290199810635	-0.0158843875302939
Va85	0.184505018781245	-0.00830951102141007	0.0713949166171148	-0.0601821068417884	0.0125638986329825	-0.227841854477407	0.0548869267858205	-0.105001374188826	-0.0417152399422172	0.0735068082312
W182BN	0.113051716142165	-0.123736821285339	0.211024963044183	-0.0327924657650875	-0.237120960381368	-0.0600942324012699	0.0256013750832523	0.218530306898178	0.0690167375447896	-0.145235360231775
4226	0.171313517991688	-0.105376394484029	0.0558261449314641	-0.0258912861216883	-0.0638489214927387	0.12286846381037	-0.0288061779974292	-0.0961806196046204	-0.0043653329743607	0.0560687801379239
4F-35_BK	0.216133030063259	-0.157285545755155	-0.182960542348196	-0.0323286268699121	0.0467876379089529	0.00852172146663207	0.0834855927727173	0.00124914336323594	0.087717530583899	0.141939417893476
A	0.116431207755953	-0.190478833641393	0.459982439797238	-0.0779362029640826	-0.307278760367028	0.0465569830688608	-0.0732886831440556	0.135419900507666	0.0421640451809223	0.0903566186211778
A188	0.196696883462675	-0.0740393498679219	-0.0162983203955544	-0.0507098039411007	-0.0285576762317908	0.0490281050073886	-0.0304096798969978	0.0148537849156307	-0.00420812797801512	0.0626095358434999
A239	0.128656070988487	-0.178325649495245	0.43467714129886	-0.025419406946255	-0.301975086692361	0.051833920450705	0.0059586864216288	0.200607409905154	0.131355095489264	0.010488170258568
A258	0.124313021682446	-0.157637632323809	0.336382431757572	-0.0110536189292695	-0.246462735599039	0.123375814501518	-0.0673994818047415	0.110684152050348	0.0664051935597445	-0.0230614878421655
A321	0.111467785689146	-0.177295519905703	0.548229134051913	-0.00500068885306838	-0.391443415203217	0.0540613070867221	-0.0022301017080387	0.264926636872409	0.125140300663506	0.080083448031116
A322	0.146871711178884	-0.115681040394374	0.0207972564400396	-0.0146439086204485	-0.0189476858502409	0.0321022541452129	-0.0271206669320821	-0.0385363138197733	-0.0184526938972742	0.115427404663474
A334	0.136178860678963	-0.0813869376036699	0.0369581702265496	-0.0153462149187247	-0.0268581491339154	0.0791840170218259	-0.0169829977902656	-0.0585135931715956	-0.0235553532827305	0.0672306097701696
A340	0.191036971977222	-0.0973933089169438	0.00757667452682244	-0.0698261793661656	-0.0410417081121618	-0.0117411244003652	0.0125954288180768	-0.000785365980449174	0.0121150811285861	0.0745052303854827
A374	0.107594195770153	-0.162662989713311	0.439864429190574	-0.0612459211955953	-0.302606881152538	0.0392424730240163	-0.0620492352705601	0.16499099724399	0.0080205585161532	0.110326937999347
A401	0.146175221760237	-0.135607264171788	0.144971194552858	-0.0559338542161794	-0.147714394737023	0.0295608710803747	-0.05038140086017	0.0103545443435587	-0.00741577990909013	0.0982787946905606
A427	0.113956756403793	-0.0390397339339409	0.0493398370634779	0.0373821257455828	-0.0424880357889341	0.172693133912557	-0.136821157671717	-0.113533203774546	-0.125425792031047	0.0447122851572979
A572	0.156622123059258	-0.122878212459974	0.00155042759875298	-0.0613330242317215	-0.0364902381557766	0.0152500685336843	-0.0313513442478229	0.0299660446472981	-0.0403370482240199	0.00290635365131698
A627	0.123315145497045	-0.116387223540636	0.155934521231985	-0.0429022045210624	-0.0760179060907256	-0.00883925818476337	-0.00182305589495459	0.0246995951466383	0.0290334128788271	0.0980663045632925
A632	-0.577245854375407	-0.138122790379226	0.0148115595336612	-0.624802869488102	0.0706759847693659	0.0167229378187112	0.0334631457691501	0.0308391006209833	-0.139824508509242	0.00250187189250184
A635	-0.609993616491568	-0.135418993332984	0.0255293692392698	-0.571676108572534	0.0227081094782586	-0.00820252353582443	0.056678027927234	0.0641973759896334	-0.176881485076512	0.0232398998066388
A648	0.125059668898772	-0.114563475415281	0.28199095500875	-0.0248818654820497	-0.203738131032416	-0.08096233157534	0.0154207624837006	0.0608611715940747	0.0741693763939853	0.00168970695076869
A649	0.128226209862765	-0.15910125384469	0.383686603724078	-0.0289167765803636	-0.292506669266753	0.0469058377308901	0.0292324684534093	0.191275634932322	0.101376284967105	0.0428552246410632
A659	0.143002521066704	-0.122605186243559	0.370957024357851	-0.0639068275824293	-0.245040206457987	-0.0250960760662931	0.0877691961315485	0.136193968264479	0.0538307644568788	-0.0132683197846278
A663	0.124555011057213	-0.0504582598069619	0.0456914655130044	0.0291763497191411	-0.0430218029472179	0.171390852106292	-0.130775012273932	-0.106695730875598	-0.123648060193651	0.0520009779664698
A674	0.100650860637073	-0.119627692977917	-0.0685243242499207	-0.126856435435682	0.00686556590763075	-0.0437435423870302	-0.0297473183280257	0.0273330585741408	0.00629674735205736	0.0669353282356989
A679	-0.598378126502764	-0.032352903142067	-0.189753000681946	0.492095607384517	-0.337372575416343	-0.182672392488203	-0.0220433301329645	0.101927714683196	-0.0989733787631704	0.120989673822734
A680	-0.700453644586191	-0.0169510755222198	-0.197526710508529	0.517888460984262	-0.365627670265412	-0.202963696834655	-0.0169837576195971	0.113078963429101	-0.10976909072625	0.135290540831752
A682	0.191210764346372	0.641276607083188	-0.125079264290142	-0.254039659534872	-0.286302051025555	0.109633773049011	-0.0828268993453455	0.0403070472017973	-0.0389191980846198	-0.0671717410925269
A71	0.117175655068872	-0.119065895474938	0.261633362037595	-0.0110727450504889	-0.217066444299032	0.0308950154904307	-0.0276017175019526	0.0493313054805888	-0.0400333287622617	0.0963075148675052
A73	0.141023047981112	-0.179837511231051	0.487887662251028	-0.0491772777949924	-0.365386851749201	0.0410668113385631	0.00309845300877908	0.274601855734746	0.131736407514245	-0.0526710489307136
A797NW	0.184757127711684	-0.124405484264437	0.413632829282961	-0.0724870857529995	-0.375110253486092	-0.023160899463342	0.0892867587136238	0.350596667510376	0.153390890793373	-0.112391797911564
AusTRCF_306238	0.220856662658706	0.340224165802593	-0.193977249108533	-0.19355116928629	-0.254008004685778	0.136035889074836	-0.0401457137345907	0.010895989790721	0.00368003052946408	0.122372735942491
B-28	0.232529790116772	-0.183064245607138	-0.12242878625782	-0.0794629425448539	0.00267173411309075	-0.0627617042315411	-0.307280221858827	0.00370416922406499	-0.0831208486083353	0.25904798064995
B103	-0.181812337011113	-0.049005358333842	0.126919935090458	0.116477164557428	-0.115385783857271	0.179631828630625	-0.200652585739804	-0.417855894766571	0.14609620454803	0.0468099801885182
B104	-0.40703096814516	-0.0261135003436214	0.022232238623159	0.101807307759784	-0.151571740734918	0.0322787239508296	-0.111720588720954	-0.163678272794349	-0.00194795760482698	0.0100243038416686
B105	-0.182217999199359	-0.0483035302069833	0.128980406225169	0.117177338963212	-0.114084230606127	0.181537865929253	-0.20219818340411	-0.420157245189292	0.148974026504008	0.045642926244494
B107	-0.0196465013643581	0.219352612282898	0.233506769247023	0.14107859480988	0.508858024230589	0.163803739784562	-0.240992186958983	0.213488440055036	0.106724260015144	0.0898389964237378
B108	0.141494267290885	-0.0139142199921007	-0.0521011572644301	-0.0693148297240122	-0.0246880909869542	0.0336744149288939	0.121192778373438	-0.0111457466089773	-0.0143854887936077	0.0709428545101244
B109	-0.617737276484104	-0.00601897181635817	-0.158322808865422	0.442778842909295	-0.331405942532342	-0.144267061721078	-0.0447450392811636	0.0442587874636953	-0.0645616927878074	0.128211758247641
B110	-0.38472086773371	-0.0152977426561168	0.034201560032763	0.141975816993194	-0.154731279667604	0.0546974698427724	-0.127319360876316	-0.197430993595714	-0.0154606507617198	0.00632643619310633
B111	-0.187249618271781	-0.039454465781698	0.128352091269278	0.0845325828922543	-0.111488490317275	0.173017206549414	-0.2058456262054	-0.415303305214732	0.135776886290579	0.0417737765430135
B114	0.0223226398608694	0.0545523130472198	0.291670333734535	0.0581823916837306	0.154604354143766	0.10365803702332	-0.153627534443927	0.180308041989802	0.0636537366353006	0.0763104583210041
B115	0.159324484404381	-0.0843523708155807	-0.00354585039450227	-0.0947175469976108	-0.0380632080404856	-0.0359165073820457	-0.0997097830709338	-0.0836510729963737	-0.00895292553537544	0.0751572420342744
B120	0.134139110240021	-0.0783679041529536	0.330372462614267	-0.0176992760296273	-0.259734102369469	0.0590980494553657	0.0472674106516124	0.183004842801755	-0.0131543288245779	-0.0734516921385863
B121	0.142138838989128	-0.124769630886821	0.323998252916822	-0.0326578519819834	-0.264030304698671	0.0498339293203822	0.0488952794918117	0.19490528663069	0.0199171734722873	-0.0522976667203264
B14	-0.739119146867103	-0.137293996686697	0.0171395276753305	-0.611828780890285	0.0388032291750065	-0.0112194763870029	0.0622719438677224	0.05686295209329	-0.158398936516817	0.0234759374049639
B164	0.0605712604461604	-0.126342462894268	0.147882606982154	-0.00618592971213231	-0.0803336572171256	0.0841131890614285	-0.0844529341147447	-0.121205544299554	0.0269972854896191	-0.00907942638501868
B2	0.101698014658791	-0.0728092243873371	0.164907084882452	0.00484536525717902	-0.106743232284316	0.118016088815804	-0.0399434419263444	-0.21188076086781	-0.0352674211011928	0.0487148861638728
B37	-0.230830584725228	0.058906327445684	0.168930373003308	0.0772619158242806	0.243914875697528	-0.0795304207143328	-0.211798233992377	-0.220371638475484	0.822345691084115	-0.0795651222239831
B66	0.216144029580294	0.105114088315375	0.176712874843267	-0.0267886301274302	0.0932352967361964	-0.473225025497074	0.149270830263204	-0.12712046711638	-0.0714309747262107	0.143013360821468
B68	-0.591325236180017	-0.140943502946362	-0.00939834829823753	-0.636808469782138	0.0887880870315354	0.0140462340032388	0.0825855880300673	0.0623575518471019	-0.0926154687652456	0.0409167799370118
B73	-0.747034399325383	-0.00979447213736548	-0.205603744796577	0.539286570488548	-0.373450022303744	-0.202477315549421	-0.022823386645284	0.106915062635319	-0.101579257259472	0.14251215618353
B75	0.096026663675621	-0.00882122580125573	0.182470073602018	-0.0429143867638772	-0.168632457686901	-0.0492549558531891	0.0753410083694348	0.0499754826076475	-0.0106968861333495	0.0185041140463633
B77	0.189152094738129	-0.00338529058250371	-0.0268330050225645	-0.102201707870915	-0.0311823147425878	-0.000392171463389509	0.0260943995153468	-0.00505229326699958	0.0731924490741694	0.108478320799428
B79	-0.0219775190143839	0.0106992441684013	0.231884014778235	-0.143218101204238	-0.0326221261536273	-0.167417558180447	0.0861651702117513	-0.0434372355114792	-0.0493365539298888	0.0163109157261545
B84	-0.444710473719068	-0.0769119876664008	0.0077695964203254	0.120302084245221	-0.167115301034772	-0.0354181435791467	-0.0783887100190723	-0.102844235026219	0.00949580251977847	0.0531727226417803
B85	0.161874612433741	0.0263479008879475	0.101860184965646	-0.0571124862085162	-0.0371818122711539	-0.19536895927441	-0.00621163098598231	0.018115195422451	0.108970749464646	0.143437168393183
B87	0.138211571427004	0.0263933605904843	0.145467001307156	-0.0944836479355657	-0.13401890406216	-0.0747899733279591	0.062954218205382	0.0588530172350341	0.00370047555405932	0.0591001652316764
B88	-0.0391539248353274	-0.100377837213929	0.16881230882369	0.0345308718147668	-0.162130357749208	0.0508159511090456	-0.0262526274233777	-0.0225086894450772	0.020787885194447	0.0273338293513574
B97	0.144597451036758	-0.130703847325568	0.324836634192299	-0.0243101528267487	-0.245871738628668	0.0835611762589824	0.0326320496865632	0.10541064273016	-0.014128842153538	-0.072645824503605
C103	0.287036356850596	0.628606850635552	-0.233075018590176	-0.276370015170565	-0.260081164348714	0.0254527738307943	-0.0507930187497488	0.233065244235045	0.229681130582118	0.108159351071961
C123	0.247801959548642	0.342890777683164	-0.168549176423372	-0.213987186164273	-0.187487130926704	0.0236754668980839	-0.0317684643498021	0.184358016751185	0.192695095786937	0.120816116765142
CH157	0.108592951916917	-0.087957321876739	0.115031877004485	-0.0178006627454539	-0.0447061159811868	0.035039604952901	-0.046075002621394	-0.182356143370372	0.0199853317651246	0.0665237165653286
CH701-30	0.139000896769425	-0.119637743022693	0.165118721204427	-0.023320345598042	-0.113473118206754	0.00462546968277581	0.0398202971726194	0.0169753737414681	-0.0384322123782971	0.0383582205569154
CH753-4	-0.546609999529937	-0.135523178797162	0.0334187568418403	-0.539840862536624	0.0239371621902284	-0.00837128640394276	0.0405528774522262	0.0628984696920931	-0.157508223156137	0.0258881459689287
CI_40H	0.102444661875116	-0.0952295342766668	0.168117739767003	0.0237663375074937	-0.0772724289022335	0.133147012997703	-0.105345620629712	-0.157574669391555	0.0417669683176991	0.0597632000989908
CM105	-0.437912332210848	-0.134221027995683	0.0484885817684152	-0.522858816052721	0.0565232222296044	0.0226409671286453	0.0890808187637773	0.0488205363310918	-0.148598872618966	-0.0521426380513152
CO257	-0.238853192469768	-0.0232823692300674	0.0605597021328917	0.0054767099910587	-0.128850372072473	0.0747962369167388	-0.105844225877241	-0.220857283712069	0.0271083783341065	0.0188805452320866
CO258	-0.2398290696211	-0.0382759305309634	0.114049369509741	0.0521165484301457	-0.115969131298304	0.104702967029726	-0.131938337181462	-0.275119408340729	-0.0221456072554892	0.0101473886306204
DE811	-0.319544769476079	0.0503098541457693	-0.0559146930661773	-0.436209568471386	0.0388868073659267	0.0305625006252177	0.0781536869465375	0.102502801049747	0.0414987197419856	0.0257549292003986
DK4676A	-0.266575935223727	-0.0406936363025812	0.0789620141293672	-0.235875326385787	0.0848924933869479	-0.0475823053190875	-0.0214266893289392	-0.0823798030030364	0.116333667900505	0.022660195780625
DK78371A	0.249690796613867	0.477993529607196	0.137762685586146	-0.125557503795548	-0.0103291877973162	-0.572334063086718	0.182475110039417	-0.06821217727294	-0.0316814130523071	0.0923438469306064
DKFBHJ	-0.36550031166701	-0.0763595702052123	0.0305188054299806	-0.318163635595476	0.0290741611200878	-0.0130398386843244	-0.00820785984588802	-0.0708305914766084	-0.106686572198722	0.0550614455941972
DKIB014	0.103215068048238	0.207757875624804	0.302605400370669	0.198026316184325	0.470709538103775	0.0622799525554053	-0.119524035955407	0.280390405269626	-0.247675461807502	0.134055471284077
DKMBNA	0.232182205378471	0.706387497172094	-0.145296499047762	-0.187449388416401	-0.314769632800693	0.135013290124078	-0.123674538176169	0.000260150581027875	-0.0279754444374228	-0.0217885640930102
EAST_028	0.175158509166391	-0.141076163537406	0.109926543237452	-0.0782087806470649	-0.0746951041469744	0.026639778370519	0.0469603347976428	0.0204606634362455	0.00951343943256183	0.0856541605066913
Eng-Li_Chih	0.168010143035781	-0.109804779213836	-0.0330834043316496	-0.049824154888461	-0.029908526449783	0.056814835180226	-0.0129323214230548	-0.0411708073277052	-0.00609195225026841	0.119785328564984
F2834T	0.1930498835946	-0.152971731535795	-0.139825040723724	-0.0401959192797431	0.0308873828892048	0.0812390188014304	0.118245426597581	-0.0491926214813157	0.0202863662778697	0.175604796335042
FC46	0.242314520490295	-0.173653718680366	-0.164717428593918	-0.0892260964927462	0.0207630891517989	-0.136856419204964	-0.207857339863061	0.0572046373088905	0.0427677892204758	0.0595190475355404
FR19	-0.189242730758497	-0.110091540491445	0.0885434247061077	-0.319263083009516	-0.00999501669158594	0.00541672434360815	-0.0149164978177023	-0.0179318411060206	-0.152799955684891	0.0322112517428218
G80	-0.216628448310508	0.211888444027748	-0.0104282698651153	-0.250940801518844	0.116777998196871	-0.0817774151065295	-0.0932839850175157	-0.0692749187891094	0.466582557079123	0.021279033407039
H110	-0.0920897165385068	-0.144354153141851	-0.101100931810552	-0.289914537288187	0.051493798347516	0.0124320254757504	0.0535221161003871	0.0205155591859578	-0.0240871456152445	0.0880215725868721
H113	0.0698165745042942	-0.174370956875881	0.0786762736946542	-0.0472689294580459	-0.0700977370145584	0.0780184448489254	0.0138189898508865	-0.182802846541944	-0.11042111458292	0.108255980136459
H114	-0.185454937072375	0.00803886331559186	0.157690725903798	-0.0377996721180619	0.127964159932817	-0.174202114148548	-0.084968570019704	-0.212640256755134	0.401153551862402	-0.0093260650360508
H121	0.147965943133511	-0.0402718694234809	0.0871031045148673	0.00267751992047268	-0.0513544069240151	-0.0143030683761973	0.019248782655772	-0.1287185992167	-0.0185781967892173	0.0888635588527577
H122w	-0.300044825676694	0.017080654099532	-0.0665850572996045	0.276148907463475	-0.190539293132751	-0.267594129162094	0.0741768974315618	-0.0180997442160102	-0.110969681688626	0.159215146684248
H5	0.11667319713072	-0.150981487668651	0.530902587692061	0.023645976948483	-0.331326614079943	0.0793286242236507	0.00705370529235869	0.181801658612409	0.103287278952766	0.082646932679063
H71	0.166328096890811	-0.151634740579092	0.440219249730382	-0.0623018170915726	-0.344727456217324	-0.0137929399195905	0.0986643627148425	0.318792306155321	0.116165181191793	-0.101070483415585
H84	-0.145692562952748	0.0194895158317469	0.103156378937619	0.0180191208147312	0.185598263811907	-0.0975205370091475	-0.143642066977512	-0.190773407913215	0.634682534603583	-0.00715906445007584
H91	-0.67970855545846	-0.125925386036064	0.0245414923363569	-0.609611612697982	0.0537336938641784	0.00132125231036786	0.0690828967891742	0.0379295713229532	-0.135957196627973	0.0174611064912046
H95	0.198132540426064	0.0560346946516827	0.188212514338317	-0.0160952401181958	0.0835390933258429	-0.447958253020039	0.212117624321719	-0.0926042306016248	0.0446036538988894	0.153794303073269
H96	0.00790420894317653	-0.116272988031682	0.104573149093032	0.0201228723264279	-0.044449998406299	0.0922896233883361	-0.0454034706984211	-0.239619821874606	-0.140671622239158	0.104324209172306
H99	0.212811175918733	0.105580745394475	0.134237716223412	-0.0183188039879766	0.00173075134337139	-0.251227916340879	0.0536059593369658	-0.0617101086113647	-0.115504782264807	0.0755186628798816
HP301	0.243540306668659	-0.216470594442628	-0.162360855008729	-0.0335629926231269	0.0100417071521407	-0.0271136597111882	-0.244599542212783	-0.00031087324880552	-0.0172672273265868	0.487219222608022
Huanyao	0.261140413885785	-0.214825402112793	-0.250217246669615	-0.0381304200104851	0.0603315545765531	0.132682962768118	0.215369955870632	0.0275049061384576	0.158618412624219	0.169862403094389
Hy	-0.0383306329843028	-0.0862813094095914	0.145555863442347	0.0319470181137368	-0.0611347551570917	0.124406583350684	-0.157958037613219	-0.322261918528441	-0.186724655953931	0.0614185591699157
I29	0.222696661868296	-0.202478252102468	-0.139197981769743	-0.0784265382373804	-0.0152668739905234	-0.0484616587177547	-0.145196310975591	0.0240434841609465	-0.0263154562356477	0.222729524592869
Ia453	0.266293907606954	-0.22061020788587	-0.18797387397526	-0.164295208610353	-0.0318614229583024	-0.293356542142559	-0.580821401298138	0.0921047672129381	-0.0532979621894149	-0.0119398812306995
IDS28	0.234961563342837	-0.179533999878815	-0.105086539874082	-0.0676705315000776	0.0102431164264634	-0.0225016431277911	-0.281894061883468	-0.00937649553781503	-0.094483109445741	0.305741865239133
Il778d	0.273258361812741	-0.183557032802656	-0.157715217941059	-0.168921415319293	-0.0701422176110821	-0.257412529435872	-0.590987393733311	0.00563574589655044	-0.0853254627062559	-0.0110091228752212
INBRED_141	0.128351604356963	-0.10662461004521	0.0847983410085006	-0.00155864487470336	-0.0220637357920587	0.0607747849386714	-0.0431858170909132	-0.113544258296228	0.0440181379535534	0.0656430317663313
INBRED_305	0.221747623538529	-0.172940165501269	-0.210779414670616	-0.0346048789398671	0.053907649827653	0.107386778656814	0.20779157532437	0.00906309984815316	0.0841798023521298	0.163068582435919
INBRED_309	0.223414270359649	-0.163928960353597	-0.199992242259482	-0.0354363170119807	0.0636820484267997	0.107603008634684	0.205780909707166	0.0094656100569132	0.0868723874587632	0.154276275712933
K150	0.140567227995188	-0.0887589804483728	0.0380891999472489	-0.00197331014675668	-0.0422984974508811	0.0372904119643549	0.00799516003509231	-0.0565350850297909	0.0451876918906402	0.121960186125863
K41	0.172928687073086	-0.0785722550633993	-0.00500881002018529	-0.0170219433291216	-0.0132117854363602	0.0507478686223108	0.00225025814613246	-0.0505352433873226	-0.0251700422071192	0.0728097655620601
K55	0.183890805750019	-0.12860204796141	-0.0628029215456279	-0.0375782598549019	-0.0353442253345143	0.04001180512412	0.094371064981782	-0.0748257961078437	-0.00297307606454431	0.22612725580008
KUNG-70	0.149098893388101	-0.0773896997947543	0.111185999153534	-0.00534498949062311	-0.0263913295231382	0.00982561001958308	0.0705653500159322	-0.199906452734914	-0.0472546099795397	0.0736632441195971
LH1	-0.139253885661227	0.0884296739812119	0.236804716264376	0.131889529054637	0.333204998506388	-0.0179471970951771	-0.212304437533221	-0.0888358949039831	0.500198611374454	-0.022547805859006
LH123HT	0.106294932817996	0.42130792705552	0.121115636260051	-0.0894691322369025	0.097088959627373	-0.315388034849954	0.200031097748664	0.0296419461707358	-0.0703064983734725	-0.00231041031359012
LH145	-0.455151215288549	-0.135518488776267	0.03974712246954	-0.561095830687836	0.0690041376350597	0.0327787217334103	0.0812357119211495	0.0447821185696482	-0.152344992306248	-0.0450802730267058
LH149	-0.580343318372421	-0.0308280768485	-0.195324311157895	0.456876743406782	-0.338738158061209	-0.183988563121761	-0.0251219751771019	0.0911746799569431	-0.0912318578839026	0.121451241781303
LH38	0.212807656073282	0.271880176309242	0.301805327153472	0.021658474488847	0.181910907354866	-0.741015232220964	0.304138720588267	-0.19468319124055	-0.189474388599193	0.0711110172267372
LH59	0.247193906246955	0.687396262560342	-0.0951434007470237	-0.185128975716242	-0.260610398452575	1.36995852137797e-05	-0.0806600757000135	0.00239741672852228	-0.0883286643913785	-0.0370424704311164
LH60	0.225642332530229	0.384477862966333	-0.114185645717065	-0.115953023560319	-0.211631595362005	0.164608474777767	-0.0377789763720412	-0.0196264741558348	-0.0149868188423053	-0.0183918413930264
LH61	-0.0732079455964798	0.310720919356618	-0.0845907866927365	-0.238738153447277	-0.157419664256222	0.123275324751098	-0.0957623386887606	-0.0474889689467661	-0.0737102254801838	-0.0150372649136499
LH82	0.0804605871485798	0.0469360541144595	0.303361513520987	0.0695499470103388	0.137109880546702	0.179683026660649	-0.0960665324314729	0.137559201692106	-0.186098988936198	0.0734387926275491
LP5	-0.53594046800613	-0.0284747918638965	-0.17433149522034	0.431388445877409	-0.303643817351751	-0.181014447771236	-0.00850301423965665	0.0969265485789719	-0.071515218080567	0.133121312148416
M14	0.115714039245281	-0.0794945141723454	0.215305731556757	-0.0324982646011089	0.0170754777104472	-0.164568714605514	0.0407260661377842	-0.06605855545814	0.0697187654977587	0.113589107072384
MBPM	0.168017182726683	0.0584587654516586	0.164116431679587	-0.0687794201522995	0.0141140899192171	-0.31819031000396	0.0607321104259308	-0.0881675988205291	0.034787825162796	0.0749883757079686
MEF156-55-2	0.255310669857313	-0.154320447544737	-0.147610054567504	-0.0922274965662552	-0.0170525291224318	-0.191641851620598	-0.3388760215433	0.0598516927732784	-0.0459941618969633	0.0568113229005405
Mo17	0.254333472763937	0.911183959602897	-0.223315255742098	-0.241969188797846	-0.43490974079977	0.276932323042645	-0.192103195709915	0.000155584101771552	-0.0221689342895756	-0.0690309124378404
Mo47	0.055305571651236	-0.0269842362230158	-0.0132069856925325	-0.0301037534090287	0.0969849826915502	0.0575637425343093	0.0408203897789353	0.00204762905100766	0.124108935386635	0.0694856788360443
Mo5	0.189204452439215	-0.14072776198517	-0.025965829903282	-0.0415198245176471	-0.0362553692734956	0.037141447483379	0.0688698825662413	-0.099159059480315	-0.00869972745367125	0.223260046301346
MoG	0.158686072435678	-0.127802734400224	-0.0179626799276384	-0.0861382024952517	0.00569555622951782	-0.0296907724650648	-0.0520074356295691	0.000442188404421655	0.00283552785088187	0.115507850705033
MS116	0.14331358740845	-0.105983752189993	0.00151813892963041	-0.075288697044345	-0.0361899233002665	0.0135833820254207	-0.076207999837682	-0.0760608876665881	-0.0282023103127507	0.0645104546972612
MS132	0.0826587306328246	-0.0402370292682574	0.147839588916708	-0.0901525560588156	0.0187738715447169	0.0233092920514292	-0.102440190472144	-0.146607076449035	-0.0910244517307798	-0.0152011356111357
MS153	0.194357066199021	-0.0734822423858379	0.0862270431820658	-0.00236083642737921	-0.0548114275531973	-0.0526280345759802	0.0344485658090647	-0.000984661419622074	-0.0331682343590164	0.0477856522960625
MS221	-0.37737363033511	-0.0207780990727789	0.133303878802712	-0.227400140059495	0.122049090542875	-0.17369204015793	-0.0396303398397457	-0.0917271548018737	0.444415716557126	0.00526485334205395
MS224	0.157339731550612	-0.00335403494325029	0.151178983997118	-0.0684709048530134	0.0356765548868853	-0.398878949982626	0.00378001991913002	-0.12882110478138	0.110965001502273	0.137269091288301
MS225	0.18438974384272	0.0120998184083874	0.163989575486594	-0.0858680612608324	-0.0266109276783324	-0.294366886245704	0.0305739602386693	-0.0333992273466963	0.117683778500584	0.105304102938008
MS226	-0.137528721409481	-0.0246714194187104	0.0640067993771552	-0.287158913963467	0.145370238968636	-0.0312667458680029	0.0314985939320643	-0.0121043746300402	-0.046140971953093	0.0371878831009908
MS24A	0.162117921750552	-0.0791601826827964	0.0055129377871433	-0.0361751700387014	0.00797514430396982	0.0280913786866899	-0.0170528234857288	-0.0195751208778431	-0.0232053492411958	0.0512131696469406
MS67	0.203913446598901	-0.121586781706256	-0.0200423050914895	-0.128962745218369	-0.00166269886384922	-0.116566204178299	-0.101393198055366	-0.017430920530385	0.0626038969386149	0.106507275512937
MS72	0.137378248016444	-0.109629238431748	0.142374410602224	-0.0222254665250572	-0.100193535275183	0.03534488682342	0.0319455831870747	-0.0152399143331723	-0.00533624994959685	0.0883858078712511
N193	0.135356976766119	-0.00896852595752293	0.0939100068705919	-0.0417972750977554	-0.031699649578589	-0.0164516699585649	-0.128424781548584	-0.139701015267838	-2.27678996125369e-05	0.0233819586036435
N209	-0.232175165687568	0.0103877597806432	0.0811732054933774	0.00686755665323029	-0.144808990167914	0.114254122928784	-0.097360600386043	-0.214292154029085	0.0327172121899334	0.00578920673888973
N215	0.0637034829170048	-0.0775729456111704	0.169022061142798	-0.0227061778265313	-0.0478203243696454	0.0833909700421453	-0.111549758126425	-0.380137364312077	-0.136744453237689	-0.0171205124925085
N217	-0.578293008397125	-0.107979021079525	0.013677358408137	-0.456036168652557	0.0290313804189727	0.0316055243219955	0.0439377861189789	0.0203450683129383	-0.098324803464866	0.0357862925926531
N218	-0.610979173217891	-0.075612851878354	-0.060575402156777	-0.212066960140582	-0.0517552989245308	-0.0324105316451483	0.0215174496325357	0.0395661430100282	-0.0595748310657513	0.0571760272580481
N28	-0.187442769790913	0.0110804423667557	0.0728591008446609	0.0178997043795387	-0.088725757533222	0.162485118181481	-0.132911966766233	-0.311463660758947	0.0231042572159683	0.00455662327879635
N28Ht	-0.17400004003228	-0.0160062708128262	0.0941351452131076	-0.0222159034644476	-0.0807031011525832	0.142109119221531	-0.125164065676013	-0.297560087353554	0.0306320660068164	0.0100763240516334
N501	-0.276303468108669	-0.0520532019129162	0.0719271474268276	-0.00922384605847886	-0.123994904153859	0.00323800306910911	-0.0928506202884492	-0.0773690898119058	0.0309715026802169	0.0526522860055685
N527	-0.198175218552159	-0.062967215538181	0.0705091212695044	0.00432926454032784	-0.076279123351839	0.0530972590745567	-0.107072267283005	-0.144116542962088	-0.0554708002852537	0.032043089026209
N542	-0.208492325550169	-0.0408303169115351	0.0892335977561069	-0.0178633099291293	-0.0921110992393438	0.128454495681991	-0.165124800269902	-0.214634090483815	-0.0315693349054295	0.034633545379052
N6	0.186594487037186	-0.126103606830092	0.0301051412006499	-0.0500486127123246	-0.0336386636079386	0.0481547428675541	-0.0731993376950764	-0.0894288192487017	0.0032501677292092	0.142821275375295
N7A	-0.16816765611972	-0.0926918979707218	0.120691735615147	-0.10010575299462	-0.0684842529559457	0.0647537977934025	-0.0296160512607571	-0.155519784554498	-0.0250550081530713	-0.00735070427677643
NC230	0.193881887063116	-0.133469284646437	-0.0749362140046903	-0.0326901349254428	-0.0535322562582655	0.0191897297110827	0.0444476578014234	-0.0596363808396242	0.00305330431166081	0.188469830497333
NC250	-0.0710564400644627	0.0597089910217955	0.0472137398289263	0.068580545038347	0.208521070080265	-0.0163799110175464	-0.0956038225696039	-0.161705794391643	0.672087076588972	-0.0374955950733702
NC342	0.22312740295538	0.322264400786354	-0.157697633914308	-0.148385199494157	-0.160939864331422	0.0615645417847956	0.00372884934380555	0.155714243640435	0.1442519647993	0.128918416915917
NC412	0.236874159364857	0.113480415589918	-0.17655085059677	-0.0810091737141289	-0.048987302567613	0.0703199495788963	0.0994889085445717	0.0878447565396124	0.173375040195629	0.142342820784096
ND247	0.147034944011681	-0.140191424595624	-0.0252784828575822	-0.0902536686741789	0.000683782928088129	-0.026715758425715	-0.0517480456164036	-0.0236123578153799	-0.0856020863522854	0.0788800409196232
ND265	0.0866185567653714	-0.0798120955872676	-0.010123815001931	-0.0772232372033434	-0.0350790416507809	0.0133859428138896	-0.064119115173598	-0.0508259270597122	-0.0659371749244317	0.061450925215791
NK740	0.245737130210859	0.816422087409808	-0.20940974458686	-0.219194485855482	-0.393471957057416	0.275170348285947	-0.183530224769738	-0.0129341421017784	-0.0431902376202449	-0.067862216737866
NKH8431	-0.378058680256041	-0.104891982325825	0.00906773719526021	-0.219486555126968	-0.0340576878261454	-0.0311730643662558	-0.0275199703462884	0.029540194323443	-0.071694050464376	0.0328297246629166
NY6371	0.166748718422224	-0.111666382507847	-0.0243833616957839	-0.00976839231230272	0.00206019673986587	0.01347221694108	0.17156029269755	-0.0208623696797924	0.0527691011315115	0.107468406353494
OC19	0.193756492568919	-0.108053056409375	-0.079450284872201	-0.034390776022396	0.0210564910993141	-0.07791659344877	-0.0190189997855233	0.0117902252229909	-0.0178927711815219	0.115068094646945
Oh33	0.134402218687494	-0.0830515600200712	0.0975665424334858	-0.0481554921788967	-0.0546196226879329	0.0724138945409131	-0.0693509331361119	-0.185098418464696	-0.0815377139929906	-0.000401334278122046
Oh40B	0.248489209372979	0.15082939699104	0.180313204320651	-0.0759529338338248	0.0737272970277082	-0.651135456533095	0.134959051789326	-0.10499459073234	0.0716405978097113	0.164650766098778
Oh43	0.221173008768628	0.254695604746726	0.310234355977029	-0.00277148460486434	0.128468462237352	-0.812638008266018	0.323289039843082	-0.154962536166114	-0.158842815243571	0.0958703387116248
Oh7	0.00405096813069751	-0.115715880549598	0.161414457568921	-0.140562676826671	-0.0216066622482904	0.0637818522127759	-0.0111739715459298	-0.177549185112957	-0.0172761196806577	-0.00309041794699024
Os426	0.066126456529442	-0.0772550291947556	0.13381067557373	-0.0178378794972533	-0.059301134643072	0.100827984214726	-0.0600553383006717	-0.0800704129281832	-0.0613259597386136	0.0441761345712771
Pa392	0.0998434960867147	-0.160737736135718	0.129123590443003	-0.0833920204087138	-0.102879086704786	-0.00129830578903875	-0.0287613742678825	-0.00883040216676402	-0.0049639780740452	0.0684797515117035
Pa405	0.153200833280738	-0.165098450564033	0.214981683063764	-0.0557002597102046	-0.159149874466221	-0.023907246915924	0.00340303976666282	0.0658703773504306	-0.011909103663929	0.0639609355270745
Pa880	0.138918620382004	-0.057235675002417	0.0501527843002604	-0.0314792199896465	-0.0428705122558572	0.0520166538451013	0.0561537456885025	-0.0989904780246768	-0.0861962236935351	0.0735729475423364
PHG29	0.0226035675259395	0.186006563716064	0.306274495952671	0.281637921519777	0.6104692722765	0.342732684822136	-0.234228657868221	0.361776808756129	-0.264809870371899	0.0859447513098757
PHG35	0.0324598827563253	0.0673895702411222	0.251087655993818	0.0504009840857442	0.209779275998491	0.226433636321784	-0.0953884502556422	0.135067914487772	-0.112490495927795	0.0241509336370583
PHG39	-0.368585896185626	0.0171964976156502	0.0481230852123647	-0.299023809352992	0.187535294629946	0.00525310851148697	-0.0513288294335099	0.00503237000406052	0.367443893840008	-0.0355299441278584
PHG47	0.137009104224754	0.168269239690867	0.201484372529544	0.0177278129334211	0.0741718196770433	-0.204284497077311	0.120517578308865	-0.218724514744986	-0.201623906046314	-0.0436015199887089
PHG50	0.0773103254697982	0.146470692571681	0.269347411773414	0.208106208445404	0.478625384389576	0.305129365748748	-0.233376862986604	0.305461557964317	-0.209377743205458	0.116622133922087
PHG72	-0.143357145495908	0.078101577966389	0.26772968131227	0.0382723431392781	0.411397354140547	0.151021116735121	-0.115729081459761	0.269486627065902	-0.157226919323755	0.0546498339238269
PHG80	-0.216076272555359	0.213456586014299	-0.0114829660696842	-0.252052431175699	0.116616508133059	-0.0837463606229011	-0.0923522770510343	-0.0646526212915953	0.465094750470024	0.0229703703869297
PHJ40	0.0421768561049136	0.331361701317607	-0.0245573807605289	-0.112273681674164	0.00127663278445504	0.0063094491426701	-0.0717653563394655	0.0269172578154505	0.351959866779082	-0.0116901701506749
PHK76	0.183523421881055	0.430741569085277	-0.00405826777407174	-0.161783534698001	-0.0421701553475357	-0.119387270098644	0.113706101367184	0.00992593038928331	-0.00599635328586584	0.0345308183638827
PHN11	0.0249033025495183	0.189295943371256	0.313149850412536	0.278216843181296	0.587707672756053	0.323127651941971	-0.222897506454717	0.322515670048851	-0.291240606987192	0.0608631765856213
PHR36	0.126234857298776	0.0304939463598466	0.153912044155077	0.00753505219266304	0.0521476914480038	0.176978245627647	-0.128799456012045	0.110949711809825	-0.0970803665461292	0.122766288297409
PHV63	-0.150966171399937	0.167602921722217	-0.0369321081868999	-0.173770861627815	0.0276049131868903	-0.0401670331938754	-0.0287909814107993	-0.023475583233488	0.165745843788837	0.0669852845238977
PHW17	-0.460681772453673	-0.0731991661246466	-0.110749538489522	0.224225752138015	-0.220164220365208	-0.0745037545537259	0.0333855907753147	0.072523691967735	-0.0439430086463058	0.138949780308172
PHZ51	0.132109919337431	0.162451938773015	0.029579221800539	-0.0628098166169519	-0.0421806380358885	0.0849250046332547	-0.132977731304924	0.0738999799170437	-0.0372227536944099	0.101153509359352
R113	0.122047561153948	-0.0724745578962956	0.222198984043851	-0.0847354172351216	-0.120746970659928	-0.0830639017758711	-0.00394906884488192	0.0216980412710648	0.0788717320508907	0.0596313905498466
R168	0.153105797453557	-0.13303880772853	0.157734685970677	-0.0906188314025541	-0.0498890970818474	-0.0934061761707875	-0.0762190042624829	-0.0754081684091394	0.032322352257088	0.0877471648066253
R177	0.198895906908283	-0.0630670459829561	0.317762203429569	-0.0506266601338893	-0.0792128595110902	-0.139643716211888	0.0511312738073212	0.099791177129176	0.0638325690191096	0.0273368783266935
R181B	0.0925943743800658	-0.0202721463186048	0.230486084651485	0.00251420172773608	-0.0390531138000629	-0.0127184076479518	0.0103005084278593	-0.0505631309306547	-0.0962224144899217	0.0209319661991678
R226	-0.0911054797542282	-0.0353188723563659	0.170878745967477	-0.143212923751042	-0.0103149653390647	-0.0259352335647921	0.0408489488813949	-0.113299551384467	0.0288011278403534	0.00692624000268178
R229	-0.661304163555746	-0.0243160498354303	-0.204585755247852	0.500903368939655	-0.339916752211135	-0.179500020936306	-0.00633307267396434	0.0948925165896321	-0.0847195017363246	0.147542261878363
R71	0.108887738973451	-0.101998239433316	0.337654133692284	-0.0508063482154084	-0.144154530435623	-0.011062151376656	-0.00477704700710849	0.12742522018	0.00190263123162493	0.0403431035007009
SD101	-0.0683879572318076	0.102545966873609	0.184599938842302	0.0960947495478298	0.200755097906317	0.103838319448194	-0.218254687229169	-0.157283734480036	0.42776656941987	-0.0286312856251399
SD102	-0.0388874725346752	0.118586843340614	0.248566232157833	0.149617128798809	0.375121586122149	-0.0620942235315927	-0.056109989999413	0.152582547895979	0.0894346663243017	-0.00945616246827552
SD107	-0.345651023206597	-0.141859732028443	0.0086775916017097	-0.457455399940487	0.0305032065268732	0.00590476684151819	-0.0148541918125197	0.0267760614248861	-0.114108855103587	0.0295741226136803
SD40	-0.104953431720426	0.210761834008356	0.230933535332217	0.156468117601811	0.556523091486254	0.137043237548564	-0.162515441541503	0.277182081590788	-0.0269573807428188	0.0452765801310363
SD44	0.0942394621477983	0.0105810891419845	0.264536296453993	0.0592714841913783	0.0863906678736809	0.058050123819543	-0.0578814403822534	-0.111800407501019	-0.134613736819028	0.0661730844016799
Tr	0.0282862260126211	-0.0799266660977142	0.19495536059659	0.0581096027829118	-0.108135446623916	0.0891850619932273	-0.0670714451416271	-0.143795459355075	0.0508859419383715	0.0548857777075264
TZU-CHIAO-HSI-WU_105	0.189357125735659	-0.102054184682569	-0.0375321630997973	-0.00808727325946025	-0.0451370394672535	0.109129962647173	0.06885520999984	-0.139887685940772	0.000406011092645753	0.0659917876374655
Va102	0.214294790776394	0.114808696507816	-0.0965739869234551	-0.102609508449142	-0.129167119250265	0.043083959255543	0.0514881315830095	0.0134538804881849	0.0274660431017245	0.05024476817289
Va52	0.20133779969002	0.216411299178449	-0.0123613510060207	-0.0794684245541205	-0.0835558089640269	0.0307476849891365	-0.0171583611597723	-0.184631364923666	-0.0433060106510854	0.00183054615763898
Va99	0.0403886866195918	-0.0104816606990004	0.224192259076333	-0.0516362635071701	-0.0134627183302519	-0.145100936018606	-0.0312798154866166	-0.18880067827138	-0.0278998224789801	0.0529951784625949
VaW6	0.149922097242989	0.0677356267829098	0.067034077982725	-0.0321860946289783	0.0439063151914653	-0.181666950324103	0.129183038819393	-0.166216792954957	-0.00154625474688208	0.104506678619342
W117HT	0.180553992262326	-0.0361292409668056	-0.0229721493488269	-0.0452829193231547	-0.0768687037427035	0.0292487809611822	-0.0350988749127786	0.000132957254564051	-0.000377223020062069	0.0170042996248911
W153R	0.184573215786861	-0.0219806539305281	0.115443845631236	-0.00756121355910793	0.0572431279351241	-0.160700267709241	0.0907749761628966	0.067367260081716	-0.0752546869767158	-0.0689324070808287
W22	0.148467961090982	-0.172684894363958	0.496921455994648	-0.064458683181942	-0.375753380582325	-0.0254857802203634	0.103186657287809	0.334341495856437	0.147313791976636	-0.109572668408515
W23	0.185878198487876	-0.147718238129877	0.0630330838957869	-0.0232979302712627	-0.0919300603783335	-0.0144190264676041	0.0287495838127386	-0.0137738586430297	-0.0607926648199546	0.0638591466581625
W24	0.0614895001282298	0.00514307691397881	0.0999086719966997	0.0249771306208618	-0.0743233936843054	0.159522985348622	-0.113471864324992	-0.175742775774598	-0.151110408411412	0.0172402199549341
W37A	0.140946931323231	-0.160125688408859	0.265827152417845	-0.0783875550603728	-0.171468733176062	-0.00453372172365194	-0.0750603955370103	0.0771731232911937	0.036242131490631	0.0966368042038015
W604S	0.184260829503071	0.342398325489139	-0.0250757641491748	-0.14613118001734	-0.173298953899264	-0.0808332471804907	-0.0224714808607562	0.022301065428774	-0.106081350205583	0.0685944398916529
W605S	0.224146398213489	0.430004565801702	-0.0537716398058295	-0.101428440008242	-0.160159329022997	-0.0760203600282312	0.0063250551644665	-0.1322311734809	-0.128991355055337	-0.0171834386527138
W606S	0.147553681235045	0.349165355638326	0.223814202501174	0.0448212123204719	0.110539098731602	-0.355673803900695	0.168545080302086	-0.29846706060967	-0.372875373265611	0.0164909225392652
W607S	0.0737997196129548	0.0692464835142381	0.112845177677736	0.0603828092921631	0.173206876231301	0.128949863855473	-0.0334233202317752	0.0656055713083401	-0.114573917831729	0.0163342521143037
W610S	-0.430718648070054	-0.0181538983811631	-0.124871709974378	0.230989333348821	-0.08374534730208	-0.141640439382848	-0.0532865690076237	0.0660892066318924	0.183311568474514	0.112559257018483
W611S	0.211583629817644	0.518478459979929	-0.149312879158107	-0.162556498004604	-0.248153281582839	0.0932103709389381	-0.0714202890189211	0.0348747547520067	-0.0129991190655724	0.000476918376703371
W612S	0.178707833323197	0.358089795399431	-0.0949606524689984	-0.157240776352343	-0.162219318942255	-0.0449842776252859	-0.00698788835164437	0.0709725415845601	-0.021718675729845	0.0514878119637518
W64A	0.103579812033113	0.177030533725109	0.108580737190002	0.035893455673608	-0.0773140763397429	0.178382378834067	-0.0864277043462885	-0.441665827033089	-0.144373649644482	-0.11087247004794
W803G	0.108167930578691	0.0499996427636829	-0.131217973629307	-0.0401002886736465	-0.0929247825082351	0.0584188585676989	0.122102477490317	0.0317277334206739	0.0493629107688249	0.119180927838748
W809G	-0.510060804326531	-0.0254863105492993	-0.206172085661226	0.365272368560506	-0.252344373712613	-0.159009371068694	-0.0141943193396335	0.0799297190158771	-0.0194793543552321	0.149654967249699
W810G	0.149466717237746	0.207297918575555	0.180726428949313	0.0283358967873445	0.153760072757521	-0.230190427939813	0.124060479074545	-0.127149359616229	-0.250360410820612	0.0279415135894938
W812G	-0.346435068780841	0.0256979644922823	-0.0682555398410038	0.258904029090842	0.0383000601340765	-0.0232027838091812	-0.0323556290159677	0.0913643654994272	0.108749795403659	0.118869228744775
W813G	-0.497134171907172	-0.12094089882865	-0.0531047027911806	-0.346466031215079	-0.0351606366303912	-0.00898571723022737	0.0502553739951876	0.039329475750399	-0.128110002067364	0.0712810562358645
W814G	-0.0287269546611735	-0.0160881116774523	0.128440639403991	-0.090535078483202	0.0238849187380058	0.0791690388747442	0.0220839154996709	0.0718689627972533	-0.0488532631075291	0.0579962016234526
W815G	0.125196062910004	0.134742625319558	0.0825080215241083	-0.0159722299213729	0.167709131164158	-0.00876028250015096	0.0973372814858695	0.0299529802125839	0.0242951183172416	0.0924876178445306
W817G	0.125069348473763	0.178202368945993	0.0824427094247454	-0.0395368599434597	0.0139197352108398	0.00820437537946362	0.069070844323916	0.101230777339022	-0.0655405907124036	0.0570449213185968
W819G	-0.558471878700321	-0.0377375831324613	-0.135849794675957	0.0684611590587615	-0.154176547132615	-0.0893740589764032	0.0700455219491439	0.0983013290935059	-0.0297127788768232	0.0800234066706517
W820G	-0.364277605353416	-0.058955907666579	-0.135064479481213	0.108458203224552	-0.0981156964541355	-0.0824073142738003	0.0590801366552152	0.0237594332015656	0.0922267669723385	0.135872895120942
W821G	0.143350545785687	0.346615994280142	0.224203877094008	0.0436279616367572	0.111168060032764	-0.340711996615846	0.164806457981017	-0.299695619951057	-0.366830543102151	0.0167637120172183
W9	0.151576864585712	-0.144995345998561	0.00712837604480067	-0.0276466864000943	-0.0910577307178474	0.00762640953307419	0.00395195095613931	-0.0225837345729447	-0.060295579764133	0.0356350165086709
WU-TAN-TZAO	0.149321523612886	-0.0987165648124531	0.0539867301330585	-0.0140084523796188	-0.0727713891763018	0.0978968969958177	0.0273229387403283	-0.199419551302683	-0.0675225264701543	0.0434680686836145
WXB6	0.0180834259956374	-0.0227887780309679	0.227414217978081	0.0368497617345738	0.145418402671878	0.0734800662831808	-0.108461706919184	-0.102646761070732	-0.132496568308232	0.0173704112017845
YE_4	0.267245145840128	-0.215750006232187	-0.254892085781711	-0.0389307933634208	0.0655156689408193	0.131555244457842	0.216371096517405	0.0269097206415769	0.157962201232391	0.169534051904351
Yong_28	0.167458847241994	-0.0790992124111553	-0.0573185892020037	-0.0414098797762431	-0.00232834390792815	0.0764980267551629	0.0146070376716924	-0.0423466064519777	0.02607159389409	0.0722032540067453
Yu796_NS	0.171739419291277	0.119244786271951	-0.0736572900589912	-0.124324051710544	-0.12564578591146	0.0466166233272405	-0.022385541543263	0.0714850694079609	0.0925309790852918	0.0898978651013805
52220	0.17692899142832	-0.145717274214972	-0.175625177188491	0.0378995665091436	0.0221177358028702	0.101288494155001	0.165794760132189	0.0226630256420944	0.0844406611599172	-0.0454881321120471
4578_INBRED	0.194892962668959	0.108359247773551	-0.214601428485261	-0.0525672914142952	-0.0779965843462746	0.0119006280502876	0.0875598500502159	0.101183795621877	0.103744459261788	-0.0857486787421096
80-2	0.157521443572028	-0.0837620981857358	-0.128304363196667	0.0255358082763509	0.0517657816128835	-0.142247190504629	-0.00724785478706135	0.0642428502720038	-0.0495717948755329	-0.226830630956456
A15	0.0779438976510057	-0.0959568225169581	-0.0772921595889233	0.0753237209924377	-0.0140389828737494	0.0201302211828378	0.0561230905051284	-0.0220370131040709	-0.0548177911261936	-0.195230581500235
A155	0.146803514173268	-0.051789555738292	-0.0229052986471232	0.0377588616046321	0.027422882720225	-0.140518712331405	0.120233559344954	0.00276988627461367	-0.0974436968024904	-0.191843638974983
A415-1-3_INBRED	0.120952009257277	-0.116225752821235	-0.145417389231679	0.0233448014504928	0.0382278145792133	-0.0287907219904302	0.0515772150218744	0.00496257577399152	0.0163157208084362	-0.113160374232819
A651	0.147670716096296	-0.17059113503562	0.166587301438661	-0.0143562249563758	-0.173972112481049	-0.0565621129894663	-0.0527334656563182	0.15945318435997	0.0875463342936136	-0.265077915718451
A662	0.131433229049447	-0.0790446071678722	-0.0613440753262029	0.0451504374325432	0.0176182826459865	-0.0124101846140059	0.0697549527323757	0.00945503288957733	-0.046384095317858	-0.217075082563834
A673	0.0973400060095824	-0.117329917740627	-0.0259762233190941	0.0332255444971555	-0.0361570586557013	-0.0574199523223253	0.0204236884103545	0.0451318434373805	-0.0615666198474033	-0.197167384448336
AR228	0.125408573579118	-0.113392980200367	-0.104601095135548	0.00396538094744823	0.0156392644113558	0.0381577828453568	0.132479650077623	-0.0220230944563178	0.00965675166520654	-0.126631450877296
B101	-0.190853060052399	-0.0718551401366003	0.0404721495725646	0.0522965410677351	-0.0324818847824222	0.1011950849832	-0.0752595232238849	-0.23212359997911	0.0584732629935837	-0.18780961006879
B106	0.176640804082007	0.100306816897512	-0.132519191608923	-0.0284729774746186	-0.0781725235210592	0.00368887252926193	0.0346972134075435	0.0219408890132704	0.0115727214279379	-0.143418405468038
B113	0.0983431619631609	-0.0616436246411792	-0.0156928018743449	0.0293749507326302	0.00770055453230916	0.00238091536690364	0.0600676527760442	0.0203936579605097	0.0432771905561741	-0.119661258722462
B42	0.107330647341998	-0.126685504422623	0.11886205483155	-0.00455104227077221	-0.043505706506851	-0.0666756302289537	-0.0111630457241632	-0.0735741227665776	0.035466698509597	-0.184313608041133
B54	0.111320392160879	-0.108904295201904	0.0952624069280745	-0.0143797062294014	-0.0256790733469569	-0.0685394563858067	0.0914265953171821	-0.0372055001528349	-0.012917979413745	-0.184246530583739
B90	0.126492245997391	-0.14149056038367	0.185417282085773	0.018979447015826	-0.184305776669608	0.0349039846393252	0.1194488390526	0.154356547386681	0.00401180647678131	-0.251395052556399
B91	-0.128903340131431	-0.0810572961350164	0.0279553369300313	0.118799100037939	-0.157295571891398	-0.0146514600773169	0.0768336799906509	0.106966315417659	0.0090895130792075	-0.109922127889342
B99	0.137783910204689	-0.131429125556905	0.20021015859101	0.0120283506324928	-0.165017063468822	0.0187299278286703	0.120028929445679	0.164625444311124	0.00166869088513587	-0.242341941173896
C102	0.1735266208191	-0.063834199400859	-0.113094180056557	-0.0548347113582094	-0.0396710257810699	-0.0569354773467202	-0.0267934162993106	0.0669730658881297	0.0333039597632571	-0.0384349140134459
C42	0.18630541972951	-0.176409105956458	-0.212325867023321	-0.046397899096784	0.00630273053786076	-0.287444258994505	-0.372263970409644	0.0884758692319569	-0.0460054928744498	-0.199997537169908
C68	0.179735628194933	-0.186932842842921	-0.220878612035095	-0.0450133872008761	-0.00490555816998564	-0.244529688965958	-0.339908341393676	0.0438874560308588	-0.0487951302665113	-0.243620165449405
CG10	0.100522386278106	-0.100622053301986	-0.0306379372112225	0.0252268361429592	0.00494771557611761	0.0116333362073666	0.0597555987299027	-0.00347074294920141	0.00257612236411984	-0.189351687979152
Chi-tan_120	0.0776051125263322	-0.083531952160365	0.0208257990834632	0.033157019381322	0.0127564117880005	-0.092654000857341	0.0725482425610196	-0.0165260325590405	0.0524084804567231	-0.0717015802956787
CL27	0.131726256183255	-0.133906126592701	-0.115808714186331	0.00966392958016537	-0.0347775935316652	-0.0345638445355979	-0.0166353627706009	0.0458554121292405	-0.0233660520610264	-0.229866706781495
CM174	0.176684362169465	-0.16416078138643	-0.126821966941414	-0.0168646705743818	-0.022679352914264	-0.038718237876158	-0.0301586742074902	-0.0121229914495078	-0.0915299118569176	-0.162393820740389
CM48	0.0974658404844611	-0.146101855928401	-0.110483266084426	-0.0374268954879274	-0.0037582987587571	-0.0816137448084189	-0.0392519972346841	0.0585284162802136	-0.0655827123895817	-0.240725984245776
CM99	-0.393153537473309	-0.124981686831595	-0.0133759807496342	-0.419882317538782	0.0683865089699542	0.00683371152352308	0.10225573535167	0.0425161928641324	-0.12780283404724	-0.186044956958895
CML_176	0.18092445599606	-0.164754404031201	-0.208809689673962	0.0207652419900551	0.0600927192716522	0.124549828902774	0.243570104473665	-0.0113502803839923	0.0571588696051475	-0.018134906586821
CML_220	0.17539829863775	-0.148404991189572	-0.182059674977656	0.0313235918376868	0.0715859954447415	0.098273256982488	0.265832841876352	-0.0185401664093541	0.0218258027322121	-0.00696543106257858
CML_228	0.225854403218661	-0.169158668653545	-0.210505920254533	0.0497038552406643	0.0773764058380563	0.150468831602728	0.306999871036517	0.0216030728802582	0.0712289877362337	0.0128531197048236
CML_322	0.12011956580808	-0.159939762580502	-0.168602556504582	0.0162051848595999	0.0581134743843003	0.0833958719811902	0.201379401796896	-0.00485105072457601	0.0420541839644226	-0.077386043004946
CML_323	0.156586924604747	-0.162068362064063	-0.204997095873648	0.00378730701310213	0.0434912573958784	0.0718591584389976	0.221541866123285	0.00393633930328299	0.0485160433645063	-0.0281540037167618
CML_376	0.154973515446074	-0.133521544879272	-0.199706187824291	0.0440573856959807	0.0634352802766589	0.100901785630347	0.250441319721408	0.00641958685548587	0.079754070341254	-0.0827775695453857
CML_91	0.167965265006279	-0.144930355709009	-0.189787854734971	0.0036650582064551	0.0530962330859732	0.0767150737228735	0.240687207185928	-0.0138704349642626	0.0484111086599573	-0.0346837362038151
CO117	0.10279620643955	-0.106124452816857	-0.0487479461630009	0.00831194427257315	0.0248237993037365	-0.0249537564360226	0.0262285224928613	-0.00500732146288745	-0.0549540091816294	-0.218298659819858
CO158	0.0400069153823461	-0.0505041550114391	-0.0754398707709318	0.0698417117257545	-0.0106499863924992	-0.0558012231177177	0.0898105169321267	0.0130345623816869	-0.0593294907706085	-0.171126789712604
CO192	0.0977711870773486	-0.133620705321062	-0.104128838417077	0.0344111812791109	-0.0151007092143379	-0.0532552104437815	0.00216743412889837	-0.0191570589669906	-0.0558324062624321	-0.158384183636885
CO216	0.151321235809822	-0.0661436996903883	-0.0438865907671467	0.0489010454391656	0.0520910282677189	-0.0545885378639967	0.0951565713044791	0.0101916408922386	-0.0507977573744547	-0.2294907446689
CO237	0.131478547059631	-0.0485621513592195	-0.0882887703186876	-0.0257852092423779	-0.0506447005909466	0.00336474542641469	0.00463807684247922	0.0669155321275617	-0.0338522805433656	-0.139800444426937
CO245	0.147127339954774	-0.157825233159628	0.00780759047812791	-0.0223360812898161	-0.0881846241615011	-0.0266036674195548	0.0400194248594939	0.155854937552741	0.0787860107429492	-0.217084229489842
CO256	-0.107693631404148	-0.00766520265081945	0.0755098928774604	0.0860763776129663	0.0282122291531839	0.103793385006949	-0.076507739408451	-0.215527748066088	0.0736934753395515	-0.289300852080753
DKIB02	0.0657705121581942	0.0931364449513144	0.163006125990416	0.197173559187286	0.438796834967314	0.0823297002389225	-0.0206726504209706	0.27678261137549	-0.225795836932229	-0.112477638294102
F115	0.0937238047892044	-0.135148647128509	-0.0463540065209655	-5.3298835095327e-05	0.0116390138727821	-0.0146445701296593	-0.0111317355155033	0.0151745167878628	-0.0266721357008756	-0.19588986378252
F431	0.150428515007274	-0.147071685249287	-0.150555065047915	0.0301912219124393	0.0200368088384971	-0.0339954919363354	0.0171602476325953	0.0240691859238552	-0.029241311683145	-0.138868161583791
G22_T122	0.115063307817499	-0.156561942531282	-0.138772197121973	-0.0293785749498676	-0.00723019347276413	-0.115444477126856	-0.154508412448232	0.0482554995297053	-0.0087493374290144	-0.221888241936677
G3_T5a	0.148812465964513	-0.162347418307344	-0.192373962669363	-0.0189076631500395	0.000252057091388568	-0.198337355696049	-0.231806112351324	0.0630183107566824	-0.0137365686394667	-0.202193503021576
H124w	0.134815360547323	-0.0671811993127661	-0.0514819483223926	0.0234610809581606	0.00351212557200932	-0.0218761829386555	0.156016542666193	-0.0545070827795499	-0.0176466180119071	-0.101673476922435
H14	0.178836307682164	-0.0032769343497436	-0.0240715278213734	-0.0129103754678951	0.0804183686716516	-0.294884313144888	0.0344923214981542	-0.0453966494794709	0.076841270150426	-0.0615839074477568
Hi26	-0.0526916464230738	-0.0706829699142239	-0.0106327783762457	-0.0612498804245102	0.0206661951135117	-0.0345545853174019	0.0882798538443359	-0.115592108437669	-0.0144328818385731	-0.099628552618185
Hi28	0.0630927897312299	-0.118687343788374	-0.14535019312945	0.00101523461502198	0.00649759521486056	0.0670993756263913	0.203961249463293	0.026156505732481	0.0762126472255217	-0.0929240903907181
Ia5125B	0.197178662308802	-0.201313451912927	-0.158212908698225	-0.0496718768532753	-0.0169874231282845	-0.165744362986452	-0.329401735809902	0.0835159063449082	-0.0699451387218915	-0.198942122630497
Il_101T	0.260349328620638	-0.256232591594472	-0.264385262224216	-0.137345346499269	0.0146268633692053	-0.337686410905349	-0.569701692046881	0.113392007383982	-0.0644868098061573	-0.174093208178041
K155	0.109757140799886	-0.113860977285437	-0.0605389781013631	0.0269616484310081	-0.0481486874993964	0.00457824766997652	0.0518591379048704	0.00943262235926	0.0289072941728902	-0.106450048591244
K201	0.0806810174699583	-0.105517095110893	-0.0509591375270111	0.0286424020165662	-0.00306338151574299	0.0354230455181916	0.0692762602535339	-0.0183065893910131	-0.0240076317123609	-0.152341349057346
KO679Y	0.153411144046444	-0.0915495428811809	-0.0818495625223575	0.0240342554825993	0.0218834052208019	0.0130491796015044	0.169671199773385	0.00333042589558897	0.0575034791160962	-0.146290305698057
Mo15W	0.121474266326092	-0.0856183414558667	-0.0839329556919411	0.0162480663543081	0.0101687743339296	0.0442084096064557	0.134632587186897	-0.00637868512526545	-0.0178840019902497	-0.136246980941023
Mo23W	0.133287307640842	-0.0903395174901482	-0.0790464802578703	0.00710763820350397	-0.00558605463361724	0.0767796159202982	0.112946272035689	-0.00846193485999947	-0.0131390073724114	-0.153944406474429
Mo28W	0.0780019751009497	-0.118815649360015	-0.108752809451785	-0.0398776581862051	0.0134505924096709	0.024547712485136	0.0810098592026155	-0.00723701848598438	0.0384383705182354	-0.111920613953858
Mo3	0.026061815681697	-0.0964412346751622	0.100450322820744	0.0684760823062097	-0.0663234025757807	0.0430194170581184	-0.0184705078122297	-0.108749610756139	-0.0224785163005551	-0.173720060504219
Mo30W	0.0387261756168761	-0.106110047752678	-0.130191506067684	-0.0139256435840849	-0.0075359479935815	0.0410646326989876	0.1017746847818	-0.0343338369070155	-0.0103913192296098	-0.0787477622973504
Mo39	-0.0116552642424018	-0.0683282444232024	0.0226000901827923	0.00917916768295539	0.080240446285557	-0.0739759791165574	-0.0108709306477205	-0.0480293843134991	0.262339224628643	-0.0987966514245649
Mo7	0.157788511845634	-0.0849647535439329	-0.0832233146123241	0.015126660447594	-0.0137416994983846	0.0337509396439839	0.0850406228011388	-0.0281284816569286	-0.0139295647451338	-0.110989738330097
MS106	0.0656935155389503	-0.0864468001469032	0.0454942732130047	0.0080245651645708	0.0376407840314616	-0.139813922428726	0.059230268450714	-0.0153957579649642	0.0442080549892513	-0.106178455249769
MS12	0.0979990970703107	-0.0864441201349629	-0.0709907980023064	0.04310534342	0.0215350399884103	0.0183696897748589	0.075568695158769	-0.0102916089417146	-0.0405823885191628	-0.164344461345785
MS142	0.0728410017081971	-0.0921260804498319	0.0138677996978661	0.019338731812043	-0.0497726542463619	0.0460158634642923	0.0515890054770183	0.00712933739524438	-0.0647395398692262	-0.166383522235927
MS222	-0.359531973723899	-0.0398410575040822	0.0587840294314606	-0.153257487507957	0.114951743896289	-0.183595591008327	-0.00923289581508609	-0.0607380644208069	0.374200604980339	-0.141352841946128
MS223	0.122660014262449	-0.115409019182437	0.0754185187384478	-0.00327257679856762	-0.0540776393685078	-0.0128466750529603	0.000726695532439445	-0.0310124556200748	0.0508938243574926	-0.113439003671224
N199	0.0666557532891591	-0.111154500227255	0.0753780126768236	0.0180130906045379	-0.058099875221032	0.0647115866516269	0.00829390396742696	-0.0637881074483001	0.131164193151176	-0.149299878891328
N216	0.00522842243121029	-0.0584946106113597	0.105500706504177	0.0218195846500734	-0.0465859169871386	0.0611277245499048	-0.0159050357779772	-0.298683126260712	-0.152356323283734	-0.202084208982605
N534	-0.00938804379117807	-0.0422001380145065	0.0772224514828724	0.0270547816773277	0.013525784449909	0.0484943383113875	-0.0389124321265401	-0.269257999458405	-0.10016263874806	-0.157719976086749
N538	-0.225688090521094	-0.0352140168892027	0.021129500345501	0.00436553716830906	-0.0950241533377909	0.0867580575061036	-0.0688130263714363	-0.15810001041054	-0.0557151552780064	-0.209758245366945
N545	-0.201876336044046	-0.0336961251265312	0.0129688477302398	-0.010263235015442	-0.0641262877602334	0.0822575328029836	-0.0790177963035273	-0.188738119728229	-0.0570002359203362	-0.22929443756457
NC13	0.115204541616226	-0.119736233461498	-0.0984583037901727	0.0201829916947192	-0.0149687973306346	-0.0175091543755252	0.0741805655731621	-0.0484233272679562	0.0222639667051039	-0.0976305356267979
NC472	-0.195225148083412	-0.0864608702095897	-0.153106632929759	0.253752158604441	-0.103665854963042	0.0326893975108142	0.131649340025379	0.0343569509068944	0.0306953716853824	-0.0246448676415026
ND230	0.0832650240117857	-0.129065690027077	-0.0649098647510395	0.0137100787974761	-0.0431895259608612	-0.0173482346098787	0.0301440016410889	0.0177864992698258	-0.0212304091304151	-0.197397699354492
ND251	0.106893746525373	-0.125533434289799	-0.0567420843249343	-0.00484320290907938	0.00516329064551154	0.000367457520704761	0.0372871833874839	0.0412248237404656	0.00557624497927328	-0.180866858691981
ND260	0.100217039685218	-0.0757810226276061	-0.0648389006430778	0.0373827348577236	-0.053064785020915	0.0350189078769336	0.0116089869387164	-0.0907601353938983	-0.104333423765489	-0.192601661150845
ND262	0.10255949683296	-0.0990606113452855	-0.00388858191591907	0.0129102231898599	-0.0439031987165497	-0.047625061120757	0.0591265124454478	0.0590002433646973	-0.070131607199224	-0.222892058431938
NO._380	0.149606191113748	-0.129755793101697	-0.169217683440409	-0.0280207421657243	-0.00203699033438019	-0.184599399192746	-0.208320573745159	0.0444484730061794	-0.0134174291953029	-0.0585872337655227
Pa468	0.106690915431251	-0.0880474372782306	-0.0199184005029865	0.0244338635025335	-0.0128271274369961	0.0188434349505546	0.0818139682434285	-0.0498579026952203	-0.0183175104093481	-0.141856157413145
Pa778	0.0267353821068432	0.279619715791255	-0.128221467070552	-0.202654654785758	-0.0969351190928995	0.0214316315332717	-0.0274031138353067	0.0395596107926711	0.0290664205088965	-0.0702709072533661
Pa891	0.113669009038161	0.0555194623561654	0.137166084678504	0.016040450481136	0.0862314443370803	-0.216869136255326	0.0686201869273052	-0.257876866909357	-0.0166439989322685	-0.0995213694082937
R101	0.0904437488094115	-0.0492066942308549	0.148866684479286	0.0336135489308085	-0.0416123063376308	-0.0312062886197824	0.0546574059256862	0.00364909760696232	-0.0578690263028352	-0.202575563084842
R225	-0.0405432958310337	-0.0546146233248311	0.116912111864992	-0.0536911033139652	-0.0446126217337167	-0.154622407953448	0.0580766379174133	-0.0208293066104004	0.0419265873049005	-0.142259091230636
R30	0.100884490378893	-0.102871588324352	-0.0661586446508789	0.0411062373740829	0.0045127973358408	0.0232760133319132	0.0633194603047281	-0.0330278959138599	-0.0149441059836931	-0.138303632073488
R53	0.110494988402584	-0.101229076006458	-0.0657312900007201	0.0565371797915849	-0.0108426978686482	-0.0216800509108698	0.0780929006000179	-0.00257346752346918	-0.0290708543696521	-0.188000522832142
SD15	0.0620909537196955	0.0437756500338939	-0.0140749458130092	0.00316040879784988	-0.0766811486159605	0.0973473351628941	-0.0780197997781259	-0.175735741078982	-0.0836822246451131	-0.23398024358299
SD42	0.0278626126125748	-0.13195340289272	-0.000689340948733279	0.029936673948823	-0.0195534152474865	-0.00232751146430883	0.0109728001801637	-0.113877150142309	-0.0813901649600683	-0.163968733769755
T141	0.111836929480836	-0.115122927907813	-0.0974469082514796	0.030345936396188	0.000808838566976921	0.0234692586622614	0.00115709430701188	-0.0210286397354427	-0.0362187305588653	-0.171680061467819
T146	0.154490856638585	-0.136583793522525	-0.209424502609312	0.0244650500441395	0.0424820861550042	-0.0081883079125942	0.0697421142367746	0.0494343135235272	0.0517049745501688	-0.103977095057122
T9	0.163129437337077	-0.155218251544728	-0.168734750705696	-0.0390912944125065	0.0115884986475581	-0.207376258964914	-0.208451316792199	0.0762407748830366	-0.00521084558789279	-0.18296338104038
Va38	0.132776050089062	0.0154855779929806	-0.0567904403985012	0.0066285410492029	-0.02764463407627	-0.00760516779721292	0.114992833038554	-0.0186204875589332	0.0321284940118295	-0.132181524135212
W601S	0.140469112303237	0.326096817860943	-0.137728459534076	-0.102712752956998	-0.127343698108697	0.0545267189660415	0.0264493970192235	0.0180128908490741	0.0156023372454208	-0.166869012924056
W703	0.0561309754095313	-0.108413183013849	-0.111934890292864	0.0241343935185374	-0.0338537003771198	-0.0618344207622125	0.000808143996573413	0.0296630502575817	-0.0423837676139218	-0.175169261935112
W7151	0.205547094868917	-0.209626848951651	-0.235067351621225	-0.0665074318673297	0.0189677162844716	-0.264699261826129	-0.413695629785261	0.08838667934112	-0.0199792228903058	-0.202274183599699
W816G	0.119814659195873	0.176268405329594	0.0483893576174599	-0.00117588489658213	0.108033169583502	-0.0196219445698702	0.101155292871574	0.0223223202590974	-0.102584758348602	-0.120411775728265
W818G	-0.395910016442243	-0.0562611556606357	-0.105701038808954	0.00839782908441785	-0.036585998930458	-0.0333007782416931	0.116048209778989	0.0177486877808935	0.0134581221840154	-0.0362084584084175
YE-CHI-HUNG	0.175718604573805	-0.172294952626648	-0.236461199741765	0.0328533769791618	0.0764822608531604	0.0659945330316583	0.233780096552525	0.0197306630226801	0.0979976830713421	-0.0297805147902762
YELLOW_3-4	0.184797165953691	-0.178903527069866	-0.240429851779499	0.0374536964221201	0.0780014007165988	0.0439488791670224	0.225480664171686	0.0228147238282559	0.0988948008975574	-0.022875289263757
